file,der,miss,fa,conf,jer
bravd,0.2517603794934285,0.6029999999999767,1.2669999999999337,113.82900000000012,0.3292485585339498
zqidv,0.2697228439581086,51.14399999999969,25.92600000000005,118.15,0.5614533539968956
uqxlg,0.28329572723040064,2.400000000000059,6.807000000000012,69.89200000000008,0.6496657566079332
diysk,0.43498958958252465,24.83000000000038,60.9680000000003,407.25399999999894,0.6939037528707859
xlyov,0.044023844536153746,1.3539999999998926,7.353999999999834,19.133999999999986,0.6804158330317364
tkhgs,0.10075827114179668,1.7699999999999854,2.977000000000004,20.500000000000004,0.6410190995024815
usqam,0.24942281420765092,2.600000000000097,23.954000000000256,119.50800000000001,0.5115133396259446
rcxzg,0.19960109289617511,0.7120000000000317,0.536000000000012,35.279,0.45583678665221267
aisvi,0.07462206934009247,8.166000000000096,3.0210000000000123,21.78699999999995,0.38613252931788183
kctgl,0.18203939745075323,8.08600000000001,0.04599999999999582,10.719999999999999,0.46384702881236367
fkvvo,0.08953717472119013,1.013000000000126,2.6340000000001416,44.524000000000015,0.2865588848968144
eoyaz,0.5101017751479292,1.007000000000028,2.632000000000038,104.11999999999998,0.6948836812801646
dscgs,0.30417946257197737,3.1880000000000024,1.371000000000052,58.83200000000003,0.7476978975788728
eucfa,0.39973424449506445,0.06700000000000017,1.6019999999999825,29.91800000000002,0.7949696165746747
zidwg,0.14254951085659762,4.311000000000048,2.627000000000004,16.958999999999975,0.34747701068621445
exymw,0.13940892364305452,0.27700000000000635,1.4800000000000066,10.366000000000007,0.22533732564022832
duvox,0.1314628418975378,20.614999999999977,15.903000000000008,82.72799999999958,0.5956897484369483
jsbdo,0.2451984222812524,7.741999999999933,17.623,187.86200000000002,0.6703416952215476
pilgb,0.16557579102281111,8.092000000000013,4.539000000000064,77.37600000000006,0.5559903812166311
zmndm,0.02232757358324789,1.762999999999991,2.1010000000000044,2.2349999999999994,0.5110785763330075
tnjoh,0.3520110774099963,13.279999999999998,1.3410000000000153,12.072000000000003,0.6700344948363979
vuewy,0.37567382843909836,3.4010000000003835,17.597999999999914,446.2039999999999,0.5670529275230561
ezxso,0.15327776700911083,0.11800000000002342,10.373000000000083,29.047000000000025,0.32055749086953644
txcok,0.0991390846641091,2.1070000000000135,1.7249999999999774,40.61799999999995,0.3964057905058212
crixb,0.24589418396105503,3.937999999999974,1.217999999999929,71.62199999999991,0.7217716038173785
edixl,0.1360625485625483,0.4719999999999125,0.9989999999999455,40.55600000000006,0.36313922201005644
qoarn,0.12564704108840408,21.628000000000025,42.33999999999938,69.39000000000007,0.4567127651296771
bjruf,0.573625547229608,30.678000000000132,7.456999999999965,175.44299999999984,0.8827381019579803
jbowg,0.07577731740644394,17.747999999999827,26.36400000000004,41.845999999999826,0.42443590304619444
zvmyn,0.09041519434628971,4.430999999999981,5.804000000000013,0.0,0.08600551241975052
kpjud,0.34884275017018396,1.6419999999999924,2.3830000000000275,47.22,0.7569023862826835
tvtoe,0.021758094039583533,10.962999999999909,1.9820000000000562,2.2700000000000102,0.34386593756234896
isxwc,0.1687366336633665,0.555000000000021,3.2020000000000044,17.545999999999992,0.4299853688810097
usbgm,0.0070633263743910095,0.018000000000000682,0.38799999999999457,0.0,0.007015967374023768
wspbh,0.09529192273924496,3.1460000000000186,7.841000000000026,49.79399999999994,0.2596861926847966
nnqfq,0.33738712664968734,7.679999999999993,0.030999999999998806,50.57599999999999,0.4984524072402065
aufkn,0.2757512787723785,0.40300000000001646,0.7059999999999818,50.644,0.8085315132101789
wdjyj,0.4504243581582856,0.6560000000000206,6.626999999999976,77.631,0.5681293654298509
mwfmq,0.0203711387736282,1.86000000000001,0.8429999999999174,6.133999999999986,0.5106640675057942
iacod,0.1909939034733247,50.279000000000444,41.11499999999978,100.02200000000072,0.5458762244620728
mjmgr,0.9460857928778527,0.907,6.645999999999915,246.9630000000001,0.8007337991275443
ocfop,0.3067954020281704,32.88399999999963,4.118999999999957,379.8889999999999,0.7888325748715083
ipqqq,0.14903279075253617,2.2130000000000365,0.5450000000000452,47.781999999999975,0.5147617042650843
iabca,0.5568796217723363,8.810000000000027,5.172000000000008,77.89200000000002,0.804085537605549
ahnss,0.21545610444210878,1.7620000000000182,0.07100000000000595,153.959,0.5665283968562449
mclsr,0.24388606676342509,1.121999999999967,3.019,63.073999999999984,0.6232501254056081
zedtj,0.11259076980221056,13.303000000000022,49.67800000000017,58.26800000000034,0.5578080998751249
cawnd,0.5289362371530446,24.300999999999966,14.932999999999748,565.996,0.4753257108153277
wprog,0.3367747031788595,103.10099999999989,111.18000000000053,67.10100000000035,0.8473073211385428
mqtep,0.12624390243902428,2.8759999999999954,1.413999999999989,12.532,0.4434691363405393
zzsba,0.14105652865501414,14.637000000000068,58.1079999999996,78.89500000000024,0.44671165542357544
zzyyo,0.19809404836263025,7.012000000000036,19.869999999999788,195.12199999999996,0.5178510451637427
oenox,0.7787062363238512,0.21100000000000918,0.24799999999999311,56.48,0.8795804244180216
ampme,0.18512981330221706,3.7409999999999908,0.6480000000000068,20.99600000000001,0.34370672450225903
bwzyf,0.11313012895662392,2.9280000000000017,0.8320000000000132,3.960000000000001,0.4344483318787429
eddje,0.3381271449583266,2.880999999999995,2.2100000000001394,160.42899999999986,0.6990237876357609
dxokr,0.08458182230281062,0.1670000000000087,3.449000000000005,11.311000000000007,0.6229553924207221
jyflp,0.16179873010350532,3.2719999999999327,1.2900000000000453,69.84600000000005,0.2960747061758789
gwtwd,0.24074315514993483,0.3999999999999986,0.17900000000000205,14.193,0.44871612729061267
qvtia,0.42406796289689674,27.236000000000182,45.298000000000044,22.558999999999948,0.7487034892731833
zsgto,0.11131683077206259,19.62900000000034,44.476000000000255,56.862999999999786,0.6290222538476021
ntchr,0.04603751525010195,1.491000000000092,1.6690000000000396,14.952999999999982,0.3911457608287608
pqmho,0.22580428954423493,0.2009999999999934,0.17799999999999017,2.990000000000002,0.6112363274776265
ltgmz,0.22501753975678238,25.585000000000058,2.2050000000000267,10.696999999999967,0.6142995847271722
qydmg,0.0027156549520767253,0.0,0.3060000000000054,0.0,0.0027083001433807485
sduml,0.07231445612740592,3.299000000000092,19.325000000000024,24.417999999999978,0.19721471944049168
qhesr,0.9230016094420601,6.879999999999984,0.46000000000000085,130.298,0.9574538661924079
tiido,0.31922663462754497,11.057999999999947,12.475999999999937,77.43100000000003,0.7946890548410307
lknjp,0.24085788561525157,0.23300000000002719,0.38000000000000966,16.063999999999986,0.4756549730884103
pccww,0.08264719237172673,2.5089999999999986,0.9509999999999863,7.460999999999984,0.3141009496712685
falxo,0.31916787614900766,24.799999999999926,4.04099999999991,103.1029999999999,0.5544732336024965
tbjqx,0.26566683222891174,25.300999999999917,7.501999999999711,186.49700000000004,0.6984128135331455
ylzez,0.08698246479709794,11.45800000000009,65.8440000000002,17.888999999999804,0.6514842958774048
ccokr,0.307971902696587,4.379000000000056,0.7970000000000388,60.150999999999925,0.50246609780686
yuzyu,0.13170268957561784,39.97599999999998,0.14300000000000068,46.652000000000086,0.4367251949615183
evtyi,0.23458917573057408,78.00900000000023,14.482000000000674,50.72099999999992,0.887786904389877
xtdcl,0.24575204931054134,24.266999999999953,9.987999999999964,4.418999999999983,0.2996163155221696
rarij,0.1123370386838603,33.74400000000031,16.411000000001003,76.16799999999954,0.3081468772818065
jtagk,0.07157496012759249,11.375000000000092,4.652000000000097,1.9240000000000066,0.39168023964144405
uhfrw,0.21885190976100047,21.26099999999997,25.743999999999946,139.15699999999993,0.6920692405810481
xmfzh,0.351636530098421,12.532999999999966,1.6980000000000217,47.22100000000006,0.5313904808124665
myjoe,0.3544328997762689,11.772999999999909,17.951000000000178,157.21099999999956,0.8344444817576147
yzvon,0.13883520000000063,11.604999999999812,37.35700000000035,59.50300000000033,0.7019715220432982
vmaiq,0.8355186236846502,5.741999999999978,13.50400000000005,581.0240000000003,0.9027081527253252
hgeec,0.06371460299833447,0.5250000000000163,0.5410000000000235,26.47400000000005,0.21516001935979415
jiqvr,0.28850877192982444,2.4409999999999954,1.0269999999999921,19.555000000000003,0.5508756006864697
gtnjb,0.09037875381002396,4.115000000000233,7.276000000000183,97.13400000000017,0.4498735778026149
praxo,0.08801072724404511,3.510000000000117,2.537000000000072,38.58499999999997,0.6468035849071038
wwzsk,0.07916995863735637,3.108000000000004,1.526000000000046,46.47099999999985,0.268560980108967
qfdpp,0.0684203949012748,0.3740000000000201,1.1200000000000294,20.405999999999988,0.3979740305249796
mkhie,0.5725180929230436,26.572000000000163,31.94000000000023,563.2770000000003,0.46189912726366145
iwdjy,0.1552652733118977,18.233000000000125,3.426000000000042,9.244999999999948,0.5667652412713927
wdvva,0.3047493403693932,6.652999999999999,1.8800000000000026,14.567000000000004,0.3627576183344883
ysgbf,0.085830250719277,0.17100000000000293,6.502000000000027,1.6800000000000068,0.5357288748832868
dkabn,0.18720958039771152,112.33699999999978,16.014000000000024,75.18700000000015,0.42724056321579623
jnivh,0.31245805369127533,9.653000000000011,0.0,42.49000000000001,0.621286372287736
ibrnm,0.7524023715202949,13.511000000000093,39.25499999999976,788.6230000000003,0.45511966765847717
bydui,0.134502198269749,0.2689999999999664,1.0259999999999536,36.64000000000009,0.511421342920722
eguui,0.4421149095545461,0.16899999999999693,0.01099999999999568,55.30099999999998,0.6690729265097269
iowob,0.10040126415965349,28.454999999999746,24.324999999999896,60.316000000000436,0.5231123020139817
ytmef,0.04116723478979413,0.16799999999999216,11.2379999999999,8.520999999999958,0.26706495702877736
hqyok,0.030085551330798398,0.07699999999999818,0.556,0.0,0.029310983515465572
ygrip,0.10662034424379242,4.113000000000025,3.2030000000000474,22.91299999999995,0.6315287680209164
plbbw,0.06044756355932223,1.1520000000000088,0.7170000000000076,2.695999999999998,0.6821231998793637
migzj,0.4369629386684157,9.788000000000025,0.07699999999999818,96.71899999999991,0.5876731854995285
sxqvt,0.2998014559894105,51.047999999999895,10.302999999999976,6.5989999999999895,0.6289884488512044
xypdm,0.580777940996451,179.79500000000004,5.5280000000001195,4.451999999999998,0.8570158672826967
rsypp,0.08893280632411023,17.26599999999975,33.62599999999976,45.40800000000002,0.40598739525051875
oklol,0.7508139202806903,8.528999999999897,5.369999999999875,722.2290000000003,0.6865333116690963
ycxxe,0.11531197537772825,2.4060000000000166,0.045000000000006146,14.03400000000001,0.3233637186621466
lubpm,0.146091594629391,3.5019999999999945,0.6179999999999941,3.8230000000000004,0.460229967770817
rmvsh,0.11219953736296884,1.4789999999999939,0.5989999999999984,9.078,0.5403754728988477
oqwpd,0.1484064333656975,0.0,3.890000000000043,31.266000000000037,0.19841975794526528
tkybe,0.08082026005229419,13.23300000000072,35.87000000000058,42.39199999999991,0.43818516092227316
wmori,0.15883013474887672,2.7519999999999696,0.9169999999999732,11.890000000000022,0.6616323629417791
fuzfh,0.5066300510003924,5.244000000000003,1.1100000000000003,6.559999999999999,0.6440592151366503
mhwyr,0.2537288323596835,12.044999999999702,34.443999999999825,228.00500000000056,0.6436947789232755
uatlu,0.4303715170278637,21.781000000000006,5.661999999999988,28.161000000000005,0.6695484331399484
oxxwk,0.106257446386021,5.002000000000146,4.630999999999947,33.17600000000006,0.6854501907222039
xggbk,0.08679808420348338,10.15300000000007,33.45900000000057,54.974999999999824,0.28259825137429867
willh,0.10687282229965143,0.08199999999998653,1.0669999999999913,11.120000000000008,0.5493526420487747
iqtde,0.057675358060962134,0.0940000000000012,0.5940000000000012,5.593999999999994,0.10973162415301066
kvkje,0.19210642757335822,89.49299999999965,53.017999999999915,22.470000000000425,0.4615067849260834
fpfvy,0.3956412695667214,1.1020000000000092,4.021000000000003,40.624999999999986,0.7364203969602626
cjfer,0.23390733845784253,7.457999999999891,3.4619999999997537,144.88100000000014,0.4456884117692738
hqhrb,0.2145343656009814,66.23100000000079,25.806000000000388,139.06800000000004,0.6396204278196258
pwnsw,0.2395809471148149,27.751999999999814,12.908999999999907,201.97700000000015,0.7808289673880788
msbyq,0.12568758344459277,0.3160000000000025,0.44300000000000317,3.9479999999999933,0.39492509354891325
cmfyw,0.2317313892670343,2.490999999999916,0.8380000000000098,126.04199999999997,0.4438708788174939
bpzsc,0.1564569823157001,10.13999999999983,15.215000000000341,137.2569999999995,0.727311138893434
dohag,0.2212771327612318,0.21900000000000697,0.548,7.9999999999999964,0.609129157538339
mxdpo,0.1876141205112593,8.643999999999963,5.530999999999992,4.319999999999986,0.7865874329471352
pkwrt,0.1994017946161516,0.88900000000001,0.41999999999998217,34.691000000000024,0.4887729726638815
jttar,0.04688515005846471,2.490000000000169,10.44500000000006,15.935000000000002,0.6258973371766897
fyqoe,0.4380299845873615,0.3510000000000346,0.08699999999998909,155.87299999999996,0.7236510663569986
crorm,0.05220657384682468,21.319,11.644000000000094,12.558000000000211,0.6410268086804468
nfqjx,0.1125424517966698,12.703999999999983,3.1970000000000667,66.28200000000007,0.3741266538913192
hycgx,0.08041714473037215,1.1790000000000198,0.3349999999999902,18.11100000000001,0.43172749431844865
esrit,0.05702104852855188,0.8439999999999941,2.110000000000004,8.748999999999988,0.2732712160876643
hhepf,0.12244488977955872,7.895999999999944,45.68899999999965,82.66799999999998,0.34708762181204
gcfwp,0.4482093449203069,11.501999999999995,50.420000000000016,53.092999999999925,0.5127192595553178
ezsgk,0.8759757515362895,0.4720000000000084,0.1630000000000038,210.33499999999998,0.9367494781904865
fijfi,0.15838001330832932,9.301000000000172,34.451999999999536,87.15599999999998,0.3998513998942419
jwggf,0.5080117195393017,71.30000000000038,29.510000000000396,452.3030000000001,0.8075936815103035
suuxu,0.3876693257074046,18.933999999999894,20.342999999999975,63.74999999999995,0.5533303885226323
bgvvt,0.20895767580322336,57.77499999999988,65.05699999999948,87.0430000000002,0.8729292667732733
vysqj,0.005217699952673785,0.4409999999999883,0.0,0.0,0.005217699952673627
hiyis,0.03229748603351971,0.009000000000000341,0.5570000000000093,2.209000000000003,0.056348495059861115
fowhl,0.177434370442392,8.28500000000012,38.19900000000013,99.50899999999984,0.6524914724680844
xffsa,0.11139987605622745,6.382999999999999,11.855000000000139,95.0100000000001,0.7364760932153606
ggvel,0.32006240249610024,8.157000000000004,2.4470000000000436,30.42799999999999,0.7129467551960432
ldnro,0.1863181343673109,6.255000000000276,5.097000000000259,188.5449999999999,0.3710249144810713
jynhe,0.12100627943485091,5.720000000000036,0.34999999999992504,71.01100000000007,0.38947412321031827
wwvcs,0.16205705200721665,41.48600000000046,47.54100000000047,69.98500000000017,0.617543062523018
sfdvy,0.02772283386203932,3.8020000000000804,1.3580000000000503,3.7539999999999907,0.5129992399919348
vncid,0.500951861943688,29.809000000000538,17.967000000000183,503.77199999999976,0.6330021597762783
ktvto,0.23953177341133053,3.2340000000001083,27.426000000000524,160.9750000000002,0.6469792849052363
cpebh,0.007693851712318292,0.11200000000006227,2.7930000000000277,2.0779999999999745,0.5036297082391299
tcwsn,0.1243902439024394,0.3440000000000083,2.172000000000107,43.792000000000016,0.607252983643933
lhuly,0.8770347261107998,21.860999999999464,16.87899999999965,948.0030000000006,0.5447400505661988
swbnm,0.07071239620839286,14.452000000000446,40.815000000001135,21.718999999999852,0.35365880941317984
pnook,0.8796748217359232,11.976999999999999,3.583999999999973,270.65,0.7306838593787037
zcdsd,0.08521609335775808,9.482999999999876,1.4880000000000209,39.26899999999996,0.254428980325442
lbfnx,0.11854541242716364,16.40899999999997,32.57899999999994,84.06500000000005,0.1311458918283221
poucc,0.34152977684576236,13.259999999999648,13.84600000000022,295.3630000000005,0.7171895754961852
cmhsm,0.0219589257503948,1.7920000000000726,2.2969999999998914,8.698999999999955,0.7553024247724903
mjgil,0.059322625698324256,1.6720000000000113,3.1540000000000434,7.066999999999993,0.519526311011351
sqkup,0.6522027858762552,2.618000000000001,4.560999999999996,73.355,0.8565875023805904
xvllq,0.1250291715285883,2.0800000000000303,2.434999999999996,25.487000000000023,0.42346169832688957
odkzj,0.10885776287236136,1.1500000000000412,2.7019999999998427,62.36400000000009,0.2513154874290711
gylzn,0.0516195255474454,0.5140000000000029,6.881999999999998,10.70800000000005,0.4031529749347571
xiglo,0.1870388540031398,3.4310000000000116,0.8870000000000005,14.744999999999997,0.4956665215817828
paibn,0.029389086595492598,0.1880000000000166,1.012000000000051,8.710000000000036,0.04758432565257983
tplwz,0.2839291313891505,9.320000000000064,0.9959999999999818,62.120000000000054,0.39662477263640245
wbqza,0.07716877716877761,6.001000000000008,2.4700000000001054,40.52500000000015,0.6500998280168337
spzmn,0.013976276431149914,0.5189999999999877,0.00899999999998613,1.6400000000000006,0.05823152064400633
sosnj,0.09487722529158965,2.7769999999999992,5.6739999999998805,22.460000000000036,0.3927819784063229
mvjuk,0.1996950009918664,2.337999999999921,0.5650000000000652,77.62999999999987,0.4320519114811495
vzuru,0.10532394366197195,15.981000000000293,8.94400000000001,98.46199999999985,0.30576873778186664
dxbbt,0.11592084959607941,0.714000000000004,16.352000000000345,59.56000000000006,0.5049966645289081
ylnza,0.5854185401678655,1.9589999999998824,1.4220000000000548,309.0919999999999,0.4684185059489683
epdpg,0.216088683262364,18.228999999999935,9.381999999999667,77.94399999999996,0.6720633766755078
ngyrk,0.15168531841193728,1.0250000000000092,0.6350000000000371,21.110999999999976,0.5935495598448921
qlrry,0.36295249413805253,30.04299999999997,30.087999999999777,52.86700000000019,0.8470850565508465
gyomp,0.33882145998240953,1.4939999999999998,2.016999999999987,15.750999999999998,0.6096037519692711
wlfsf,0.1117729812291494,4.030000000000072,5.531999999999969,46.05400000000014,0.31760835034593554
cqfmj,0.09067562592047113,2.8399999999999963,1.8099999999999916,5.200999999999993,0.5107928775771576
zztbo,0.23452119883040953,12.411000000000005,0.4220000000000037,0.0,0.2327264154365094
kiadt,0.09857338093378658,11.268999999999842,8.091000000000076,51.324999999999775,0.6749869067023049
kmjvh,0.30648236676045587,1.6590000000000056,60.898000000000096,49.636999999999986,0.552972068506161
ehpau,0.22632193802262668,10.636999999999988,1.3079999999999998,24.86400000000002,0.29449883145086575
zehzu,0.15284941892983633,0.9770000000000145,2.4589999999999836,21.158999999999974,0.25316772522360736
akthc,0.11374096614682387,2.070999999999998,1.6720000000000113,8.21799999999999,0.5657345338002782
oekmc,0.2053277545327754,9.382999999999996,0.7520000000000131,19.30899999999998,0.5292911921911279
ptses,0.6279858715294893,17.824000000000098,59.225000000000065,305.2059999999997,0.8626124057968352
eapdk,0.03951768013019629,3.216999999999814,1.6899999999999444,16.46099999999997,0.06721698399214812
gtjow,0.08440531329196936,38.43700000000058,11.12099999999996,47.02700000000003,0.2925509497231053
iqbww,0.07148958333333318,2.8069999999999826,1.4909999999999606,9.42800000000003,0.3451275176038288
tpnyf,0.07873712065762066,9.149999999999906,48.40700000000015,26.349999999999984,0.1467592047716395
kajfh,0.23353268053541343,21.421999999999898,55.81699999999965,104.73200000000003,0.41859982709547483
cqaec,0.7282894736842108,3.7300000000000164,1.6170000000000089,154.06099999999998,0.856254756387244
bauzd,0.20335070737155664,14.264000000000024,5.0210000000001545,79.03099999999998,0.7928702882923138
ppexo,0.19018108298171557,11.854999999999968,8.195999999999994,1.584,0.7191917325854144
svxzm,0.013725886166764201,2.6580000000000155,10.256000000000085,0.0,0.013577876703543046
qppll,0.043058894230769355,1.3430000000000035,1.523000000000005,0.0,0.04209567733501818
xvxwv,0.08036426141974186,3.706000000000028,1.4589999999999606,16.809000000000033,0.34741792019022544
mupzb,0.23428653056984017,22.92599999999989,44.94799999999994,22.33100000000001,0.7760477711261242
abjxc,0.001709265175718924,0.07400000000000428,0.03300000000000036,0.0,0.0017083646001309072
vgaez,0.4500766255564469,7.318999999999981,10.149999999999956,44.204999999999984,0.7163168686315067
hgdez,0.12921644102291835,18.091000000000133,7.746999999999994,90.9839999999999,0.3484743327558608
blwmj,0.1489057632398754,0.34300000000001063,1.5149999999999704,36.38100000000002,0.6717824400586524
xqxkt,0.08402636780766158,18.438999999999808,20.906000000000258,54.59899999999976,0.42536220509800104
dbugl,0.09351208496699583,1.2319999999999478,2.8839999999998156,71.25100000000023,0.3425595008719146
bspxd,0.19494361298482285,1.7140000000000164,0.7509999999999954,71.51999999999995,0.38645913258242764
wnfoi,0.3375034340659341,16.372999999999976,1.5629999999999882,80.34500000000004,0.509770511709825
jsymf,0.15781696465017556,17.29900000000017,28.854000000000134,108.49499999999975,0.519746374353475
ledhe,0.06832131098097358,0.7539999999999907,4.57799999999995,21.851000000000013,0.34241751562682354
cwbvu,0.9563588427114409,1.2569999999999941,0.1290000000000191,136.45399999999998,0.9807460059679226
bvyvm,0.11527196652719623,5.996999999999986,3.1419999999999675,2.983000000000004,0.322143618892759
uicid,0.39069097676067166,329.49299999999954,14.375999999999504,8.839000000000041,0.8461387490214121
optsn,0.29934571293016904,29.40599999999993,63.30300000000028,178.5969999999997,0.7712102905116317
mesob,0.4248471400394477,0.027999999999998693,0.3190000000000017,85.812,0.6350658619056067
nqyqm,0.10235194308727052,33.370000000000346,19.031000000000148,47.73399999999978,0.5604308858118426
cadba,0.6623406396779246,10.823000000000029,3.503000000000039,104.12699999999997,0.6306770868790937
kefgo,0.8169889047566734,3.1320000000000334,1.843999999999978,292.50600000000003,0.5497010850581349
ztzzr,0.10158362659751793,4.0949999999999775,15.334000000000007,2.508999999999986,0.5471582207840524
houcx,0.16522234497997515,21.673000000000002,2.6289999999999836,23.55300000000004,0.3706370217711307
gzhwb,0.7723282442748098,52.242,38.52000000000062,576.9929999999996,0.8659572556956017
cobal,0.053263742071881316,3.7199999999999847,0.03999999999999204,0.2710000000000008,0.0915246022299483
udjij,0.2816394522955262,10.594000000000154,13.598999999999826,129.66100000000017,0.6063213532306705
nqcpi,0.31043386243386256,0.6460000000000043,0.827000000000023,27.862999999999985,0.6168394634801294
lfzib,0.16059612301413823,6.055000000000106,1.2129999999999885,36.80600000000001,0.35358416450607744
asxwr,0.18415784248841843,7.295999999999999,0.3200000000000287,36.90600000000001,0.5761123179939136
afjiv,0.18335490132643223,13.519999999999996,1.5200000000000697,7.630000000000003,0.37598307834362826
euqef,0.5687524752475248,0.5140000000000011,0.31500000000000083,13.532,0.8539148575526436
pxqme,0.1647196702319693,1.43100000000004,2.3940000000000055,57.31399999999999,0.8323913702411193
imtug,0.04197593505363847,1.224999999999989,1.0059999999999718,3.5600000000000023,0.11404833418246013
lilfy,0.1854092115895189,11.000000000000032,6.167000000000016,14.957000000000004,0.2457229125872095
nctdh,0.14739726027397262,0.6040000000000108,1.5339999999999847,15.07800000000001,0.4398575050986962
jgiyq,0.10486125889395741,22.172999999999966,35.90799999999987,55.25200000000043,0.6592794416852541
kszpd,0.1691083576287655,0.33799999999998676,0.9759999999999742,26.52799999999999,0.38843933811257864
pgtkk,0.21730333000635144,1.3859999999999975,4.79800000000002,41.71399999999997,0.5430674777850487
neiye,0.027322868052609098,0.04999999999999716,1.237999999999996,0.0,0.026623671916987002
mekog,0.11586555836646172,3.4259999999998687,3.762000000000068,95.40399999999988,0.6085691272977122
mevkw,0.2558076671035386,0.620000000000001,0.0,30.608999999999988,0.242776605832704
utial,0.1877532021710769,8.521999999999828,4.354000000000369,213.00800000000086,0.5987778165879296
ndkwv,0.11741184543918909,3.2640000000002516,2.1920000000000535,83.51399999999961,0.2405239747814913
djngn,0.12658595641646525,0.5090000000000359,0.9370000000000367,19.465999999999987,0.4500302856490619
pzxit,0.1798060430135899,15.56599999999996,7.395999999999863,86.05800000000002,0.3748028443555653
iiprr,0.14280726642961059,13.084999999999845,73.67599999999966,68.26200000000003,0.3361215710908789
hkzpa,0.06559044483835558,6.656000000000294,4.2899999999999014,51.217999999999705,0.4035572939949256
qrzjk,0.018982438016528807,0.008999999999999897,0.7259999999999955,0.0,0.01863306799168485
goyli,0.10645525760771349,7.7270000000002526,1.5490000000000999,61.388999999999875,0.3039684146459052
ikgcq,0.0920738530399106,5.897999999999986,1.2960000000000278,2.679999999999996,0.5312033754953482
wewoz,0.41472231350640815,0.14299999999999713,2.996999999999998,47.34,0.7228566228414212
oubab,0.4132452001008603,24.818000000000033,5.722999999999775,198.90099999999993,0.7970459846962757
ulriv,0.4643691072480849,1.5069999999999624,0.4519999999999911,250.21200000000005,0.57394991953556
aggyz,0.49883795480044857,0.7489999999999952,6.286999999999954,117.45400000000001,0.5909954882466006
mpvoh,0.4052025909592062,4.389000000000034,0.43800000000000594,53.975999999999964,0.759437365398855
atgpi,0.0063501335113483074,0.06999999999999995,0.6909999999999812,0.0,0.006313728418415154
fxnwf,0.5288827931661653,25.330000000000126,27.098000000000077,124.954,0.8317290008827002
kckqn,0.16983837614279507,1.260999999999946,1.2000000000000917,59.95800000000002,0.5111988746255854
rxgun,0.24019532582736247,0.4049999999999656,2.6939999999999795,53.22200000000001,0.45048347816658113
leneg,0.1877631314436692,4.867000000000067,21.588000000000044,38.92599999999992,0.6730101734259886
qsfzo,0.10965401785714296,0.0,0.5609999999999937,15.159000000000024,0.44090490618269157
xkgos,0.10269703717076886,11.39400000000056,29.058999999999983,61.937999999999384,0.4755004565730503
sebyw,0.21110921034624433,49.59900000000097,4.865000000000279,192.34799999999998,0.499706536379876
vdlvr,0.10872525329602782,2.5660000000000593,28.458000000000194,97.21199999999973,0.3270363136656693
jhdav,0.1067918237170195,0.7180000000000071,0.8130000000000042,13.201999999999998,0.25057097594958433
kklpv,0.050464679295109095,2.090999999999923,2.9919999999998836,34.66499999999991,0.4082783765420189
ljpes,0.5409555942533738,3.512999999999984,6.025999999999987,89.867,0.7377563334631473
ouvtt,0.8044831089662187,22.897000000000276,23.748000000000356,523.4599999999999,0.9568994065182196
heolf,0.6195065042701162,11.281999999999826,46.393999999999885,630.001,0.3839239187514139
jjkrt,0.21433349403398896,17.639000000000706,18.81200000000041,176.94799999999975,0.6107965172839609
tguxv,0.10382515955660056,0.27700000000002234,2.5619999999999514,21.88800000000002,0.41210561285339803
gqbvk,0.02826058374967128,0.7500000000000053,1.5149999999999917,2.033999999999999,0.04594551228470242
zajzs,0.05226904376012977,0.3650000000000304,0.12199999999999278,9.832999999999998,0.14364175547867253
irvat,0.15374353169469587,1.5360000000000014,0.1799999999999864,36.313999999999986,0.4053705278704013
zowse,0.17141714373831385,20.8359999999997,66.39299999999977,90.6300000000002,0.5082892603796183
azisu,0.4806166219839143,10.351000000000012,0.1599999999999966,97.05100000000002,0.7492484821724422
nrogz,0.4390224358974356,10.413999999999923,6.379999999999918,158.53400000000008,0.593966175995456
uvnmy,0.9931312769010043,3.7940000000000182,0.8259999999999978,161.511,0.9798684549561616
tpslg,0.12406027371578597,1.1220000000000425,10.994000000000202,40.82299999999992,0.3710032058612246
mbzht,0.26704888820020184,6.007000000000005,1.9050000000000331,26.556000000000008,0.6373519381569428
dlast,0.09582074477039365,18.253000000000313,9.549000000000259,80.34799999999954,0.4980411292449604
vylyk,0.9874741538796388,89.51899999999998,0.0,1.2200000000000002,0.8179949399114484
kkghn,0.0449936919371483,4.929999999999808,14.167999999999687,12.2860000000002,0.8085753679056811
jsmbi,0.4314060699193244,9.521000000000017,2.0400000000000276,33.35700000000001,0.6773586593255202
cvofp,0.12860647962348137,16.039999999999875,50.83899999999976,74.1200000000004,0.4299333986646233
gukoa,0.612952483981027,5.819000000000042,5.181000000000026,136.31699999999998,0.7534758989216324
aorju,0.14351339498166474,27.17899999999996,43.90900000000071,82.7109999999999,0.4816624367582985
zrlyl,0.1865110932710552,21.906000000000034,10.822999999999823,69.4940000000001,0.7083270546242775
lscfc,0.3306546851632206,21.554000000000205,34.62899999999996,200.28600000000037,0.8183443175045827
wemos,1.0191611960570455,130.09799999999973,55.810000000000194,804.5740000000002,0.9707355784148507
jrfaz,0.1884725008757676,18.565999999999704,6.223999999999661,211.93899999999982,0.37153939287904536
yfcmz,0.08589921743582207,0.7429999999999239,2.313999999999943,43.92299999999994,0.3180706041023921
bmsyn,0.49175343330178267,46.443000000000005,47.15500000000031,202.53099999999995,0.7829957253860782
kgjaa,0.10043554084872378,23.50100000000005,22.987000000000453,65.81399999999995,0.4141287385076716
ktzmw,0.09604191766025555,1.8030000000000683,2.4760000000003437,88.19400000000006,0.4960944571041949
fvyvb,0.09005412178735184,9.298000000000098,4.5530000000000435,53.703999999999695,0.5520954672128064
vmbga,0.5625135212069454,9.059000000000138,9.105999999999913,377.05699999999973,0.5517667306588272
jcako,0.23969674947145878,42.526000000000224,10.898999999999937,164.25799999999998,0.8208311656555818
ofbxh,0.13242544955748908,77.0400000000001,8.893000000000114,55.01799999999999,0.5439405528828074
mqxsf,0.15523654803838235,8.045999999999864,5.35999999999988,88.83900000000045,0.5644270089989205
qwepo,0.24831791505023362,7.714999999999975,2.2479999999999976,114.85399999999996,0.4400181599954225
fsaal,0.07759037410676754,0.82899999999999,1.1950000000000243,12.742999999999983,0.35401866512884866
clfcg,0.5274639927073839,14.107999999999937,14.219000000000026,116.32999999999998,0.6043206216162653
yrsve,0.9171189485627835,0.5680000000000973,0.31899999999996,581.0800000000002,0.9647042447670947
tlprc,0.3380907509423024,3.3580000000000325,2.23600000000002,41.04899999999999,0.6345848001250467
aiqwk,0.18702036682795148,2.5470000000000006,13.36900000000005,17.32500000000003,0.5595710566771167
cwryz,0.7987248743718592,0.697999999999988,0.3959999999999875,126.06300000000003,0.6879156356252658
czlvt,0.1239457211102871,1.8289999999999438,1.8830000000000222,116.67399999999965,0.2696513570883679
gofnj,0.048109831985065195,1.4439999999999706,0.8409999999999886,16.269999999999982,0.3322947020997693
uedkc,0.19690349833093185,21.66899999999987,29.689999999999927,168.6590000000001,0.5477565093240186
wjhgf,0.7187427127866303,0.8709999999999951,0.5599999999999881,72.54200000000002,0.786383571153775
xtzoq,0.5900463092116274,14.015999999999984,2.967999999999962,88.77000000000002,0.7969183898966429
ppgjx,0.21422301836094823,14.858999999999774,6.61499999999975,74.19799999999996,0.8032501651781129
kuduk,0.12261693204435592,3.0889999999998636,0.9470000000000027,64.96300000000011,0.42968148453374777
eazeq,0.4122782539366154,2.2859999999999947,1.9039999999999946,37.178,0.7351497124126782
lpola,0.41825725629454225,49.66099999999911,9.907999999999824,279.64600000000064,0.8794535194089677
tfvyr,0.018284671532846887,3.552713678800501e-15,0.5010000000000012,0.0,0.017956345650693928
gfneh,0.2633534895439657,10.670999999999982,3.0180000000000007,28.12100000000001,0.4362074542308787
kkwkn,0.09188897522230872,3.3200000000001513,1.1289999999999623,38.124999999999964,0.2896994131479485
qajyo,0.27090766516369336,22.206000000000078,6.870000000000243,233.48499999999962,0.6287679993961087
uexjc,0.14289399019860724,2.188999999999943,1.9190000000001106,40.21199999999995,0.3409851727917599
luobn,0.15118591279348387,3.1710000000000136,1.223000000000031,8.226999999999986,0.44410710849326424
ioasm,0.6644784260251289,30.378000000000032,4.28599999999998,238.22400000000005,0.8741257611294853
gqdxy,0.34707561030741385,5.618000000000037,1.6380000000000239,115.58099999999983,0.723937910921415
hcyak,0.16619260732637184,1.9910000000000405,2.7770000000000152,45.364000000000004,0.4262754398305056
xkmqx,0.18479146459747825,0.0,0.46600000000000286,9.060000000000002,0.5846525973460722
tucrg,2.014732142857143,1.1879999999999997,6.997999999999999,0.8399999999999999,0.8591981779129613
rpkso,0.1431591930226411,0.358999999999964,6.240999999999988,42.15000000000003,0.3773721429291385
xxwgv,0.12156600828480509,2.9249999999998693,4.699000000000052,73.37299999999999,0.36587313807479477
imbqf,0.15627016802047378,0.8839999999999968,1.141000000000008,54.1509999999999,0.4082857591401042
gzvkx,0.09046588153792871,0.13699999999998624,1.3569999999999993,19.400000000000034,0.3544911139876021
zyffh,0.08242130750605338,2.306999999999997,2.2680000000000566,15.848999999999972,0.42033828219547315
fzwtp,0.5470064953402988,13.678999999999979,23.23499999999992,79.303,0.7574986598210877
laoyl,0.30310903616495805,3.337999999999944,8.655999999999947,77.60200000000006,0.7701294059523374
ooxnm,0.0794954374664522,7.22400000000005,1.1720000000000503,15.299999999999969,0.14027007473742029
zfkap,0.1118241929210424,6.572000000000001,0.0759999999999943,4.852000000000005,0.2066721841565899
thnuq,0.15126846707154276,40.724000000000245,49.719000000000435,50.03699999999958,0.5282775126193787
ifwki,0.19722773339053037,7.687999999999992,14.493000000000059,51.38099999999997,0.7257082583508099
bdopb,0.10435375809743562,11.396999999999892,4.81600000000007,77.86400000000017,0.4926789481476531
lkikz,0.07347468895013569,18.807000000000087,11.883000000000393,52.75300000000013,0.5739002191965898
fvhrk,0.07617478280952913,27.316999999999737,34.1039999999997,24.331999999999873,0.6070070672834442
nitgx,0.286484426517312,12.78999999999986,36.23000000000019,285.505,0.5025794930680868
nkqzr,0.6722284623160736,36.76900000000067,14.724000000000188,666.6889999999997,0.7213480546113253
mdbod,0.05128028263795367,14.733999999999966,2.9009999999998133,12.84599999999989,0.07338720958691249
gocbm,0.07217500786905864,3.3449999999999847,1.0480000000000063,13.950999999999954,0.13487980294296212
dvngl,0.2645891915641477,3.3280000000000545,1.1810000000000063,115.93199999999996,0.6307724583431741
ryken,0.07834387872096457,2.989999999999874,3.6689999999997482,85.5870000000001,0.4391751367625934
rtvuw,0.47681315304240934,0.0,1.3909999999999982,29.640000000000008,0.7370545687236388
luvfz,0.4082145071295723,3.5210000000000297,0.883999999999979,74.60900000000004,0.6472802414766398
ufpel,0.9675398824517215,23.078000000000053,4.53300000000003,202.85699999999997,0.9841156259358679
ypwjd,0.15505328441649202,4.100000000000035,10.748999999999995,20.651999999999987,0.33925829797086876
grzbb,0.1472576766555675,26.48700000000011,2.1429999999998586,35.05599999999987,0.8778139274275925
bkwns,0.9552263374485598,0.02999999999999403,0.30400000000000205,46.09,0.9746286369030569
qygfk,0.3133331978540072,2.4120000000000346,0.41399999999995263,151.35899999999987,0.5862791257573382
onpra,0.11908000000000069,4.683000000000064,3.068000000000165,22.018999999999934,0.49962040284604864
pgkde,0.12610244233378587,10.350000000000009,1.252000000000077,25.57299999999998,0.3886492278870529
mxduo,0.15044001807217094,22.18499999999973,67.55100000000006,63.433000000000376,0.5748750313457713
fxgvy,0.03519711902956792,0.0,0.04800000000000271,1.809000000000001,0.05307909367987418
gkiki,0.20931489283751617,8.620000000000013,0.39500000000000046,13.838000000000001,0.3441231107769429
upshw,0.09130175856512346,4.131000000000179,5.129000000000053,42.86600000000005,0.33402194248990924
vbjlx,0.7538864241348715,1.4790000000000845,0.16199999999999193,338.211,0.8144522424656041
jxydp,0.002104651162790667,0.18099999999999739,0.0,0.0,0.002104651162790794
jsdmu,0.1326603712145877,3.369999999999985,2.1689999999999743,10.756999999999996,0.7083581480944945
whmpa,0.0668983492615117,0.009000000000000341,0.0,3.070999999999998,0.24469533254999343
sikkm,0.004735331632653014,0.29699999999999704,0.0,0.0,0.00473533163265305
qzwxa,0.0976661687826738,0.4620000000000175,2.7060000000000155,17.756,0.57180667941428
mkrcv,0.7486886909829087,5.308000000000092,2.1730000000000436,449.84799999999984,0.6929393209443396
gmmwm,0.13603190644625707,0.6709999999999852,13.949999999999989,23.068000000000005,0.6710737870749661
yukhy,0.15450824895560453,10.741000000000142,2.7730000000000725,95.59199999999996,0.4549394030780229
xlsme,0.14516171087599614,21.098999999999016,84.33800000000035,39.31100000000005,0.5808038735768104
tjkfn,0.08767457221942629,1.7469999999999501,4.884999999999931,49.11500000000012,0.5499382641609798
qpylu,0.29245689655172413,4.061,0.23199999999999843,5.206,0.48077463402412396
bvqnu,0.20451561711029395,6.909000000000098,8.49599999999996,98.00300000000017,0.6248516252703035
ydlfw,0.19257978723404248,0.4669999999999984,0.0799999999999983,42.89899999999999,0.23990534555538248
otmpf,0.040857924423249155,6.779000000000028,3.5859999999999603,6.513000000000005,0.4594963380514333
dhorc,0.06046368485843256,1.6240000000000236,1.2419999999999511,14.816000000000045,0.07076670067974491
bxpwa,0.03588653884166816,4.375999999999941,1.1570000000000107,8.990999999999985,0.3641518597879034
kbkon,0.3676432460461499,2.842170943040401e-14,0.04999999999999982,56.66999999999997,0.7746058799727927
epygx,0.14176044589733922,26.30200000000025,67.1609999999992,53.54400000000042,0.5762041752987106
gcvrb,0.18569228968386023,8.90299999999958,55.83999999999935,141.4849999999994,0.8256478846913239
cyyxp,0.15404526166902377,5.593999999999992,2.74299999999997,13.445,0.7870901396883286
kzmyi,0.06711672950858111,9.99899999999991,16.93099999999984,15.969000000000051,0.1821722946218069
vtzqw,0.34127953384418847,41.11999999999987,25.086999999999783,104.81500000000005,0.7382162879605508
vgevv,0.551455404043084,30.05200000000065,25.831000000000156,463.78099999999944,0.8491015063320799
dgvwu,0.17972889313075516,31.967999999999662,14.426999999999644,92.95600000000049,0.42977110066691426
gpjne,0.06846646407640562,0.07900000000000951,0.45500000000001517,12.083000000000004,0.4365462487279745
auzru,0.0664642176228943,2.036999999999992,4.140999999999941,27.637000000000008,0.13286689742402719
qeejz,0.3445562262463661,5.9079999999999675,15.830999999999786,70.73300000000003,0.6321161383959469
nxgad,0.34657258064516117,0.6679999999999917,0.01999999999999602,69.791,0.7588875546376921
jeymh,0.24081632653061272,6.1050000000003655,17.66400000000012,247.041,0.5817981790160356
eqsta,0.4445666072738711,39.14000000000049,13.453000000000241,371.56799999999976,0.8715961703210838
qadia,0.16009831406736041,15.518999999999988,9.392000000000017,16.77699999999998,0.3558704945288232
ywcwr,0.0353213844252161,0.3989999999999885,1.0699999999999754,3.1030000000000086,0.3635292845986295
nprxc,0.411487641424967,18.081000000000074,13.331000000000003,120.24999999999989,0.8087745065333144
qouur,0.004275875639511959,0.11699999999990496,2.197999999999987,2.0310000000000628,0.5021250150945286
guvqf,0.34277521452287457,31.89500000000015,51.207999999999444,234.86899999999991,0.8541311308646979
xmyyy,0.32919346857991083,20.945000000000036,13.117999999999972,45.77299999999994,0.5806281401523548
bidnq,0.7858842489036053,13.019000000000165,12.114000000000052,867.2699999999999,0.7648300350702825
mgpok,0.09444444444444414,18.49599999999984,3.6589999999999945,28.266999999999992,0.5809257097049741
kdfqk,0.7947867517809232,39.383,10.99899999999991,636.8860000000001,0.7362826993224807
rxulz,0.6174957055995343,14.54800000000045,53.80799999999951,611.0559999999999,0.5157970280551182
jxpom,0.5402857142857141,26.778000000000226,10.54499999999993,225.52599999999973,0.8641824369289595
aepyx,0.35710432261109987,12.832999999999998,7.752999999999967,32.36900000000003,0.5233772447905697
syiwe,0.08641781681304887,1.1839999999999957,1.0420000000000016,3.283999999999999,0.1367297512397653
jdrwl,0.1300541346240474,4.109000000000332,7.838000000000321,146.85299999999995,0.442261744407263
crylr,0.46810599255742374,6.345000000000024,8.045000000000043,58.56899999999999,0.7789139720223531
zfzlc,0.09617410331871722,15.718000000000055,8.876999999999835,88.80100000000002,0.7769758656318896
dzsef,0.0014411182582879576,0.1630000000000038,0.06999999999999318,0.0,0.0028091928240883504
jjvkx,0.21628123120660406,1.0139999999999931,4.314999999999962,34.230999999999995,0.40305513911681085
nlvdr,0.12594800973254713,31.138999999999882,47.96499999999986,51.85800000000002,0.196739496446753
erslt,0.2821644339374836,0.8630000000000067,5.7039999999999935,25.659000000000002,0.5644362663178408
isrps,0.23371671388102017,11.648000000000007,1.5399999999999991,28.063000000000052,0.35693963708282667
ikhje,0.1921870321317517,9.961000000000077,9.209000000000017,147.7059999999999,0.6355067489889852
tiams,0.019191641462744085,0.16799999999999393,1.344000000000019,1.2799999999999963,0.22022134350451558
sldwj,0.27057009626955436,6.196999999999974,2.5859999999999825,27.191999999999993,0.27847674347923673
djqif,0.03543482126978481,2.496000000000043,1.259000000000011,12.184999999999945,0.27232979646091604
sbrmv,0.4450099369221464,3.8930000000000264,0.0,99.10899999999997,0.7466402039333214
qjgpl,0.46633663366336614,2.9369999999999923,0.8579999999999757,48.95700000000002,0.5944471514114789
gwloo,0.10216425397735462,20.576000000000192,35.547000000000196,22.284999999999975,0.7731760715309768
eqttu,0.11387506222001002,9.071000000000005,0.35099999999999465,8.88000000000001,0.40852142069478536
pnyir,0.30464131297979347,5.832999999999983,1.4790000000000552,130.78799999999993,0.3374422232145605
bxcfq,0.1351524481080542,0.2979999999999592,0.036000000000001364,26.883,0.5889530724069951
femmv,0.19170487451737453,4.201999999999977,1.9790000000000205,25.595999999999997,0.4626929834718569
jzkzt,0.8114240397805212,10.876999999999693,45.438000000000166,890.1300000000005,0.8922548244281957
wcxfk,0.3822355289421158,0.21300000000000807,0.060000000000002274,83.987,0.44664882639152287
olzkb,0.19070309896701093,3.6799999999999775,2.9209999999999994,33.46000000000001,0.7156272569597
ytula,0.0792640962691681,57.01100000000084,9.663000000000125,12.104999999999848,0.30168277844008107
ldkmv,0.19823625603488554,7.203000000000159,0.4190000000000538,94.20799999999979,0.517941470814719
ralnu,0.39542907180385334,3.996000000000035,4.871000000000021,58.870000000000026,0.619119334092403
kmunk,0.17988999126098756,3.799000000000005,6.197999999999894,59.990999999999914,0.6280895951248712
eziem,0.32639641762903604,1.1800000000000104,0.24800000000000466,53.967999999999975,0.5248697588042961
eauve,0.898889957171576,1.5670000000000428,10.771000000000278,1118.9239999999998,0.8749687163132669
uevxo,0.10522255719099109,0.5129999999999626,1.4529999999999532,21.768000000000036,0.2638925020918931
ooxlj,0.21646211312700117,3.9790000000000276,15.440999999999985,13.03200000000001,0.7967155495191249
fqrnu,0.34949536199754994,8.94899999999998,2.7760000000000438,48.182000000000016,0.6884871548138048
qxana,0.6448782798312717,20.756999999999987,21.200999999999777,679.635,0.3653187483577177
dzxut,0.3125696594427247,0.28999999999999204,13.21500000000001,36.97500000000004,0.7854435379702389
ybhwz,0.09419779423603254,0.29199999999997317,9.137999999999927,37.37499999999994,0.41763136022244896
wibky,0.08427843661266075,5.229000000000033,8.905999999999981,6.047999999999988,0.5376237984860519
byapz,0.27095430718782204,8.999000000000086,12.944000000000063,91.25900000000001,0.7608619597622074
ylgug,0.09327481057105882,57.17900000000025,22.730999999999707,21.03199999999992,0.8317020060706352
szsyz,0.20031645569620252,4.0660000000000025,0.3109999999999964,5.751,0.656725707746933
jyirt,0.15015947006869468,9.206,0.19699999999998852,2.838000000000001,0.2076546950346148
